frank@Frank MINGW64 /c/Dev/youtube/AIGames/2048
$ python main.py 
Evaluating 1000 games
scores [892, 1040, 1344, 1316, 728, 1380, 1180, 1108, 704, 760, 1128, 1328, 968, 1176, 1272, 716, 872, 904, 600, 700, 744, 1304, 456, 544, 752, 276, 1580, 416, 1296, 2464, 576, 768, 1004, 1352, 1436, 1124, 516, 1340, 1396, 1272, 1596, 816, 996, 1064, 1172, 2000, 1648, 972, 592, 1476, 1068, 2500, 492, 624, 708, 576, 672, 1376, 1036, 1384, 788, 1456, 1336, 604, 1340, 112, 1020, 472, 2320, 1180, 684, 980, 1660, 744, 732, 1448, 2460, 656, 640, 700, 864, 1712, 892, 1392, 
1480, 1344, 2144, 1464, 556, 1056, 728, 1020, 1308, 652, 1148, 992, 1280, 1744, 1456, 508, 3828, 984, 424, 1500, 1284, 1384, 1492, 1236, 1276, 484, 780, 1156, 660, 904, 996, 568, 740, 1020, 1312, 740, 1200, 1516, 1536, 576, 612, 3500, 1440, 640, 796, 884, 2112, 612, 1156, 908, 1508, 548, 1592, 496, 1688, 1560, 944, 800, 616, 1464, 1144, 1368, 824, 1260, 660, 260, 556, 1528, 636, 920, 1196, 668, 1072, 376, 2024, 732, 1344, 1052, 1144, 1244, 608, 1300, 632, 816, 980, 676, 544, 1128, 1664, 1200, 1212, 592, 3136, 1056, 2520, 1340, 920, 992, 2472, 996, 236, 2640, 976, 1232, 604, 1016, 1132, 1584, 1512, 2272, 956, 760, 2136, 2216, 948, 1424, 1408, 932, 788, 1336, 1420, 1396, 684, 480, 648, 1240, 564, 456, 684, 1312, 560, 2220, 2380, 1660, 1580, 1428, 2776, 376, 868, 1624, 1336, 676, 572, 1092, 1456, 500, 976, 1132, 676, 612, 1192, 664, 756, 520, 2124, 672, 568, 2888, 1328, 1432, 1168, 1100, 680, 1096, 1264, 608, 1124, 1620, 936, 1308, 580, 1204, 852, 1400, 1328, 1524, 840, 1380, 2456, 1276, 1076, 812, 980, 1112, 884, 688, 1280, 948, 1088, 1136, 612, 324, 908, 1092, 1024, 1388, 2388, 540, 
1488, 436, 1492, 864, 740, 968, 964, 2496, 1292, 1188, 628, 2324, 752, 1160, 708, 284, 1152, 364, 1492, 656, 1392, 1012, 892, 308, 1384, 752, 1640, 792, 1108, 1380, 1292, 2176, 1364, 696, 584, 1220, 1224, 908, 948, 1676, 1248, 1400, 1276, 1508, 280, 1056, 1248, 1652, 1504, 376, 1532, 1288, 472, 320, 1604, 1004, 736, 748, 1424, 1292, 1440, 1452, 1324, 732, 588, 808, 264, 1364, 512, 272, 1484, 1364, 1420, 832, 2284, 2452, 1092, 804, 3112, 952, 808, 576, 712, 1604, 980, 388, 1336, 728, 608, 1444, 612, 724, 1252, 816, 2272, 744, 808, 1324, 1368, 1404, 800, 848, 1324, 1224, 2420, 2080, 1904, 1708, 996, 696, 932, 1444, 268, 1212, 568, 2436, 576, 664, 600, 1376, 1484, 1284, 472, 1288, 1204, 1436, 1632, 1440, 568, 1124, 1676, 1492, 1408, 552, 488, 1084, 1464, 368, 1312, 1428, 392, 668, 1092, 1216, 804, 1480, 1540, 1044, 320, 456, 1616, 1780, 1256, 848, 2268, 736, 1548, 620, 868, 1072, 1236, 692, 1504, 1044, 2124, 1296, 552, 1024, 1052, 
1068, 404, 852, 588, 1388, 928, 884, 1308, 1036, 1484, 876, 1284, 476, 968, 520, 916, 724, 1328, 520, 872, 556, 628, 1008, 744, 660, 1276, 1472, 1300, 616, 1036, 1408, 1052, 884, 620, 704, 2212, 552, 1456, 2104, 656, 484, 740, 260, 1392, 612, 1220, 2336, 620, 392, 292, 1228, 1212, 692, 508, 1076, 808, 1404, 1416, 628, 916, 508, 3544, 1316, 384, 1352, 1216, 1064, 1296, 1008, 1176, 656, 568, 824, 1240, 928, 1248, 1156, 700, 1368, 1236, 472, 408, 276, 1384, 1320, 656, 2344, 620, 632, 1412, 964, 340, 892, 1328, 1660, 1444, 640, 276, 2588, 1072, 360, 1524, 1408, 572, 1008, 1292, 1144, 604, 992, 744, 848, 1196, 1328, 888, 260, 1644, 1448, 1540, 1036, 1144, 1376, 688, 1800, 1048, 1264, 236, 1128, 1344, 668, 1460, 1376, 308, 432, 1080, 1304, 1180, 1988, 784, 968, 276, 632, 1392, 832, 648, 1352, 1596, 1384, 416, 1228, 2848, 1384, 772, 1088, 860, 620, 1444, 1628, 640, 1572, 664, 1376, 524, 632, 580, 1440, 716, 1180, 612, 648, 284, 1144, 2432, 1204, 2344, 920, 1336, 1292, 1412, 1296, 944, 1364, 460, 1272, 1056, 2280, 1320, 1428, 700, 2856, 644, 856, 504, 1444, 628, 584, 672, 968, 1332, 968, 1348, 724, 320, 1396, 1396, 1104, 1092, 2248, 2296, 1176, 808, 2400, 1996, 728, 696, 2716, 1092, 720, 2372, 2976, 1120, 612, 780, 1412, 1376, 428, 1276, 1224, 
276, 2116, 548, 1160, 604, 280, 1024, 1236, 1368, 764, 1460, 684, 716, 612, 1436, 1392, 1284, 972, 760, 604, 1052, 1044, 972, 1128, 1136, 548, 1392, 728, 1056, 636, 1888, 1020, 2028, 1100, 1460, 548, 1336, 1304, 384, 1408, 808, 1400, 1656, 2640, 996, 1312, 1384, 420, 1492, 908, 1340, 1300, 1468, 1216, 2404, 1160, 620, 624, 1188, 592, 2208, 1252, 2092, 2360, 2332, 716, 964, 840, 1588, 1208, 1324, 2140, 1296, 548, 1012, 940, 1020, 268, 700, 1132, 2496, 1084, 608, 1224, 1444, 636, 1236, 1008, 1320, 636, 960, 364, 704, 788, 1348, 1280, 572, 1452, 604, 1204, 532, 612, 960, 628, 912, 1164, 744, 856, 600, 676, 844, 2460, 1416, 
624, 704, 656, 1072, 1024, 596, 272, 268, 876, 792, 2512, 996, 1476, 1180, 1032, 2008, 1048, 524, 1312, 1028, 1408, 1316, 2840, 1192, 1156, 1432, 1336, 1688, 748, 628, 1092, 936, 1004, 1160, 1360, 1052, 840, 2412, 1380, 580, 1488, 1256, 884, 1416, 628, 480, 1032, 272, 864, 936, 588, 1356, 644, 1008, 1168, 1448, 1136, 560, 1172, 1252, 856, 1356, 1324, 1088, 1124, 684, 1432, 672, 1384, 1132, 1196, 736, 592, 644, 676, 1276, 1340, 1016, 908, 624, 652, 832, 676, 564, 1340, 400, 724, 1500, 632, 1852, 660, 632, 464, 848, 2424, 1360, 480, 1416, 616, 464, 704, 632, 2000, 1524, 664, 1220, 536, 1176, 1088, 980, 736, 1056, 2284, 852, 876, 2660, 1240, 596, 1632, 1108, 1588, 1232, 1368, 1348, 1024, 1368, 1208, 3048, 788, 260, 820, 588, 1092, 640, 436, 1800, 1124, 900, 860, 804, 800, 1476, 1352, 2180, 616, 1316, 1632, 1024, 668, 2436, 1296, 1360, 616, 752, 544, 268, 396, 744, 636, 648, 2340, 1388, 1432, 1324, 724, 1044, 1324, 356, 1020, 1356, 
576, 1364, 1152, 612, 1228, 1368, 1316, 1356, 1856, 1764, 1288, 880, 400, 592, 884, 1272, 760, 760, 1072, 564, 1836, 2228, 684, 904, 1496, 568, 648, 720, 696, 740, 1368, 548, 2236, 1636, 1232, 664, 508, 960, 208]

avg_score = 1105.76